3,2
3,1
3,3
10,74
10,120
10,282
10,308
10,180
10,94
11,12
8,11
8,6
8,12
8,15
8,17
8,7
34,2
34,0
32,6
32,1
32,0
20,3
20,2
20,1
17,3
17,2
17,1
16,3
19,2
16,2
19,1
16,1
15,3
19,3
15,2
15,1
14,2
13,2
12,3
12,2
12,1
11,30
11,29
11,28
11,27
11,26
11,25
11,24
11,23
11,22
11,21
11,20
11,18
11,17
11,16
11,15
11,14
11,13
11,10
11,9
11,8
11,7
11,6
11,5
11,4
11,3
11,2
11,1
10,300
10,297
10,296
10,295
10,291
10,290
10,283
10,270
10,267
10,255
10,249
10,240
10,233
10,228
10,227
10,222
10,219
10,212
10,202
10,197
10,192
10,188
10,184
10,183
10,181
18,1
10,177
18,3
10,174
10,173
10,169
10,168
14,1
10,158
